#SONG_NAME=505 - Beethoven Virus s2 Hidden
#BPMS=162.000
#OFFSET=-0.175500
#LENGTH=100.187500
00000
00000
00000
00000
00000
00000
00000
00000
00000
00000
00000
00000
00000
00000
00000
00000
10000
00000
00001
00000
10000
00000
00000
00000
00001
00000
00001
00000
00001
00000
00000
00000
00000
00000
10000
00000
00000
00000
00001
00000
10000
00000
00001
00000
00100
00000
00000
00000
00010
00000
01000
00000
00010
00000
00000
00000
00010
00000
00010
00000
00010
00000
00000
00000
00000
00000
01000
00000
00000
00000
00010
00000
01000
00000
00010
00000
00100
00000
00000
00000
00001
00000
10000
00000
00001
00000
00000
00000
10000
00000
00001
00000
10000
00000
00000
00000
00001
00000
10000
00000
00001
00000
00001
00000
10000
00000
00001
00000
10000
00000
10000
00000
00100
00000
00000
00000
01000
00000
00010
00000
01000
00000
00000
00000
00010
00000
01000
00000
00010
00000
00000
00000
01000
00000
00010
00000
01000
00000
01000
00000
00010
00000
01000
00000
00100
00000
00000
00000
10000
00000
00000
00000
00001
00000
00000
00000
01000
00000
00000
00000
00010
00000
00000
00000
00100
00000
00000
00000
00001
00000
00000
00000
10000
00001
00100
00000
00100
00000
00100
00000
00000
00001
00000
10000
00000
00001
10000
00000
00001
00000
00001
00001
00001
00000
00000
00000
00000
00000
10000
00000
00000
00000
00001
00000
00001
00000
10000
00000
00001
00000
00000
00000
00000
01000
00000
00010
00000
01000
00010
00000
00010
00000
00010
00010
00010
00000
00000
00000
00010
00000
01000
00000
00001
00000
10000
00000
00100
00000
01000
00000
00010
00000
00000
00000
01000
00000
00010
00000
10000
00000
00001
00000
00100
00000
00010
00000
01000
00000
00000
00000
01010
00000
00000
00000