#SONG_NAME=505 - Beethoven Virus
#BPMS=162.000
#OFFSET=-0.175500
00000
00000
00000
00000
00000
00000
00000
00000
00000
00000
00000
00000
00000
00000
00000
00000
00000
00001
10000
00001
00200
00000
00300
00010
02000
00000
03000
00100
20000
00000
00000
00000
30000
00001
00010
00100
01000
01100
00010
10100
00202
00000
00000
00000
00303
00000
00100
00001
00010
00100
10000
00100
10000
00000
00100
10000
01000
00100
00001
00100
00001
00000
01000
00100
10000
00000
01000
10000
01000
00000
00100
00000
00010
00000
00001
00010
00001
00000
00100
00000
20000
00000
30100
00000
10001
00000
00100
01000
00002
00000
00003
10000
00200
00000
00300
01000
00020
00000
00000
00000
00030
10000
01000
00100
00010
00110
01000
00101
20200
00000
00000
00000
30300
00000
10000
10000
01000
00100
00010
00100
00001
00000
00001
00001
00010
00100
01000
00100
10000
00000
00100
01000
00001
00000
00010
00001
00010
00000
00100
00000
01000
00000
10000
01000
10000
00000
00100
00000
00002
00103
10001
00100
10000
10000
01000
01000
00100
00100
00010
00010
00001
00100
10000
00100
00001
00100
10000
00100
00001
00001
00010
00010
00100
00100
01000
01000
10000
00100
00001
00100
10000
00100
00001
00100
10000
01000
00100
00010
00001
00000
00011
00000
00001
00100
10000
01000
00100
00010
00001
00100
10000
10000
01000
01000
00100
00100
00010
00010
00001
00100
10000
00100
01000
00100
00010
00001
00200
00000
00000
00300
00000
00000
00010
00100
00010
00000
10000
00000
00100
00000
00000
00000
10100
10000
10001
00001
00101
00100
00110
00010
02000
00000
00000
03000
00000
00000
00100
01000
00100
00000
10000
00000
00100
00000
00001
00000
00010
00100
00010
00001
00100
10000
00100
01000
00020
00000
00000
00030
00000
00000
10000
00100
10000
00000
00100
10000
00100
00000
01000
00000
00001
00100
00001
00000
01000
00000
00100
00000
00010
00000
00001
00000
10000
00000
00100
00000
02000
00000
00000
03000
00000
00000
00010
00100
00010
00000
00100
00010
00100
00000
00001
00000
00020
00000
00000
00030
00200
00000
00000
00300
20000
00000
00000
30000
02000
00000
00000
03000
00100
00000
00010
00100
00001
00100
10000
00000
11100
00000
10000
00100
00001
00100
00010
00000
01110
00000
00010
00100
01000
10000
00100
00000
11100
00000
10000
00100
01000
00100
00010
00000
00111
00000
00010
00100
01000
00100
10000
00000
10101
00000
10000
00100
00001
00010
00100
00000
00111
00010
01000
00010
01000
00001
10000
00001
00100
00010
01000
00100
10000
00001
00100
00010
02000
00000
00000
00000
00000
03000
00000
00000
00100
00000
10101
00000
00100
00000
10000
01000
00100
00000
01010
00000
00001
00010
01100
00000
10000
00100
01110
00000
01110
00000
00100
00001
01001
10010
01001
10010
00200
00000
00000
00000
00300
00000
00001
00010
00100
01000
00100
01000
00100
00000
00010
00000
00001
00000
00000
00000
10000
00000
01000
00000
00100
00010
00100
00010
00100
00000
01000
00000
10000
00000
00000
00000
00100
00000
01000
00000
02001
00000
00000
03000
00100
00000
10000
00000
10020
00000
00000
00030
00100
00000
00001
00000
20001
00000
00000
30000
00100
00000
01000
00000
01010
00000
00000
00000
00010
01000
00010
01000
00010
01110
00100
10101
00100
00000
00000
00000
02020
00000
00000
03030
00100
00000
00000
00000
00100
00000
10000
00000
10010
01001
10010
01001
00200
00000
00000
00000
00300
00000
01000
10000
00100
00001
00100
00001
00100
00000
10000
00000
01000
00000
00000
00000
00010
00000
00001
00000
00100
10000
00100
10000
00100
00000
00001
00000
00010
00000
00000
00000
00100
00000
00001
00000
00012
00000
00000
00003
00100
00000
10000
00000
12000
00000
00000
03000
00100
00000
00010
00000
00012
00000
00000
00003
00100
00000
00000
00000
00101
00000
00000
00000
10001
00000
00002
00000
20000
00000
00000
00000
30103
00000
10001
20000
00002
00000
00000
00000
30103
00000
10000
01000
00200
00000
00300
00010
00002
00000
00003
00100
20000
00000
00000
30000
00001
00010
01000
10000
00002
00000
00003
00000
